<?xml version="1.0" encoding="UTF-8" standalone="no"?>
<!DOCTYPE svg PUBLIC "-//W3C//DTD SVG 20010904//EN"
              "http://www.w3.org/TR/2001/REC-SVG-20010904/DTD/svg10.dtd">

<svg xmlns="http://www.w3.org/2000/svg"
     width="0.411111in" height="0.288889in"
     viewBox="0 0 37 26">
  <path id="Imported Path"
        fill="none" stroke="black" stroke-width="1"
        d="M 34.00,20.00
           C 35.66,20.00 37.00,21.34 37.00,23.00
             37.00,23.00 37.00,23.00 37.00,23.00
             37.00,24.66 35.66,26.00 34.00,26.00
             34.00,26.00 3.00,26.00 3.00,26.00
             1.34,26.00 0.00,24.66 0.00,23.00
             0.00,23.00 0.00,23.00 0.00,23.00
             0.00,21.34 1.34,20.00 3.00,20.00
             3.00,20.00 34.00,20.00 34.00,20.00 Z
           M 29.00,0.00
           C 30.66,-0.00 32.00,1.34 32.00,3.00
             32.00,3.00 32.00,3.00 32.00,3.00
             32.00,4.66 30.66,6.00 29.00,6.00
             29.00,6.00 3.00,6.00 3.00,6.00
             1.34,6.00 0.00,4.66 0.00,3.00
             0.00,3.00 0.00,3.00 0.00,3.00
             0.00,1.34 1.34,0.00 3.00,0.00
             3.00,0.00 29.00,0.00 29.00,0.00 Z
           M 23.00,10.00
           C 24.66,10.00 26.00,11.34 26.00,13.00
             26.00,13.00 26.00,13.00 26.00,13.00
             26.00,14.66 24.66,16.00 23.00,16.00
             23.00,16.00 3.00,16.00 3.00,16.00
             1.34,16.00 0.00,14.66 0.00,13.00
             0.00,13.00 0.00,13.00 0.00,13.00
             0.00,11.34 1.34,10.00 3.00,10.00
             3.00,10.00 23.00,10.00 23.00,10.00 Z" />
</svg>
