<?xml version="1.0" encoding="UTF-8" standalone="no"?>
<!DOCTYPE svg PUBLIC "-//W3C//DTD SVG 20010904//EN"
              "http://www.w3.org/TR/2001/REC-SVG-20010904/DTD/svg10.dtd">

<svg xmlns="http://www.w3.org/2000/svg"
     width="0.644444in" height="0.644444in"
     viewBox="0 0 58 58">
  <path id="Imported Path"
        fill="none" stroke="black" stroke-width="1"
        d="M 38.90,14.86
           C 40.07,13.69 41.97,13.69 43.14,14.86
             43.14,14.86 43.14,14.86 43.14,14.86
             44.31,16.03 44.31,17.93 43.14,19.10
             43.14,19.10 19.10,43.15 19.10,43.15
             17.93,44.32 16.03,44.32 14.86,43.15
             14.86,43.15 14.86,43.15 14.86,43.15
             13.69,41.97 13.69,40.08 14.86,38.90
             14.86,38.90 38.90,14.86 38.90,14.86 Z
           M 43.14,38.90
           C 44.31,40.08 44.31,41.97 43.14,43.15
             43.14,43.15 43.14,43.15 43.14,43.15
             41.97,44.32 40.07,44.32 38.90,43.15
             38.90,43.15 14.86,19.10 14.86,19.10
             13.69,17.93 13.69,16.03 14.86,14.86
             14.86,14.86 14.86,14.86 14.86,14.86
             16.03,13.69 17.93,13.69 19.10,14.86
             19.10,14.86 43.14,38.90 43.14,38.90 Z" />
</svg>
